0000   ff d8 ff e1 00 16 45 78 69 66 00 00 4d 4d 00 2a
0010   00 00 00 08 00 00 00 00 00 00 ff fe 00 1f 43 6f
0020   6d 70 72 65 73 73 65 64 20 62 79 20 6a 70 65 67
0030   2d 72 65 63 6f 6d 70 72 65 73 73 ff db 00 84 00
0040   0d 0d 0d 0d 0e 0d 0e 10 10 0e 14 16 13 16 14 1e
0050   1b 19 19 1b 1e 2d 20 22 20 22 20 2d 44 2a 32 2a
0060   2a 32 2a 44 3c 49 3b 37 3b 49 3c 6c 55 4b 4b 55
0070   6c 7d 69 63 69 7d 97 87 87 97 be b5 be f9 f9 ff
0080   01 0d 0d 0d 0d 0e 0d 0e 10 10 0e 14 16 13 16 14
0090   1e 1b 19 19 1b 1e 2d 20 22 20 22 20 2d 44 2a 32
00a0   2a 2a 32 2a 44 3c 49 3b 37 3b 49 3c 6c 55 4b 4b
00b0   55 6c 7d 69 63 69 7d 97 87 87 97 be b5 be f9 f9
00c0   ff ff c2 00 11 08 03 73 08 00 03 01 22 00 02 11
00d0   01 03 11 01 ff c4 00 1b 00 01 00 02 03 01 01 00
00e0   00 00 00 00 00 00 00 00 00 00 06 07 03 04 05 02
00f0   01 ff da 00 08 01 01 00 00 00 00 b3 80 00 00 00
0100   00 00 00 00 00 00 00 00 00 00 00 00 00 00 00 00
0110   00 00 00 00 00 00 00 00 00 00 00 00 00 00 00 00
0120   00 00 00 00 00 00 00 00 00 00 00 00 00 00 00 00
0130   00 00 00 00 00 00 00 00 00 00 00 00 00 00 00 00
0140   00 00 00 00 00 00 00 00 00 00 00 00 00 00 00 00
0150   00 00 00 00 00 00 00 00 00 00 00 00 00 00 00 00
0160   00 00 00 00 00 00 00 00 00 00 00 00 00 00 00 00
0170   00 00 00 00 00 00 00 00 00 00 00 00 00 00 00 00
0180   00 00 00 00 00 00 00 00 00 00 00 00 00 00 00 00
0190   00 00 00 00 00 00 00 00 00 00 00 00 00 00 00 00
01a0   00 00 00 00 00 00 00 00 00 00 00 00 00 00 00 00
01b0   00 00 00 00 00 00 00 00 00 00 00 00 00 00 00 00
01c0   00 00 00 00 00 00 00 00 00 00 00 00 00 00 00 00
01d0   00 00 00 00 00 00 00 00 00 00 00 00 00 00 00 00
01e0   00 00 00 00 00 00 00 00 00 00 00 00 00 00 00 00
01f0   00 00 00 00 00 00 00 00 00 00 00 00 00 00 00 00
0200   00 00 00 00 00 00 00 00 00 00 00 00 00 00 00 00
0210   00 00 00 00 00 00 00 00 00 00 00 00 00 00 00 00
0220   00 00 00 00 00 00 00 00 00 00 00 00 00 00 00 00
0230   00 00 00 00 00 00 00 00 00 00 00 00 00 00 00 00
0240   00 00 00 00 00 00 00 00 00 00 00 00 00 00 00 00
0250   00 00 00 00 00 00 00 00 00 00 00 00 00 00 00 00
0260   00 00 00 00 00 00 00 d6 e1 71 a7 59 40 00 00 00
0270   00 00 00 00 00 00 11 ce 67 7f ae 00 00 00 00 00
0280   00 00 00 00 00 00 00 00 00 00 00 00 00 00 00 31
0290   46 a2 fc 5f 33 19 e8 00 00 00 00 00 00 00 00 00
02a0   01 86 a1 d5 de 93 4a ba 00 00 00 00 00 00 00 00
02b0   00 00 00 00 00 00 00 00 00 00 00 00 69 43 a2 b8
02c0   4d cb 77 28 00 00 00 00 00 00 00 00 00 00 8c 57
02d0   07 de f4 cb ba 00 00 00 00 00 00 00 00 00 00 00
02e0   00 00 00 00 00 00 00 00 6a c2 62 9e 02 c5 94 80
02f0   00 00 00 00 00 00 00 00 00 02 a9 e3 87 6e 77 d8
0300   00 00 00 00 00 00 00 00 00 00 00 00 00 00 00 00
0310   00 00 03 e4 46 0f 80 1d 5b 64 00 00 00 00 00 00
0320   00 00 00 00 0e 2d 56 04 9a 7b b6 00 00 00 00 00
0330   00 00 00 00 00 00 00 00 00 00 00 00 00 34 6b 8e
0340   30 0b 3a 40 00 00 00 00 00 00 00 00 00 00 02 b0
0350   e0 01 9e c1 93 00 00 00 00 00 00 00 00 00 00 00
0360   00 00 00 00 00 00 00 23 f5 c6 00 1d 5b 64 00 00
0370   00 00 00 00 00 00 00 00 03 8d 55 00 4a ec 2f a0
0380   00 00 00 00 00 00 00 00 00 00 00 00 00 00 00 00
0390   00 45 2b df 80 16 24 a8 00 00 00 00 00 00 00 00
03a0   00 00 01 53 f2 40 3b 76 87 b0 00 00 00 00 00 00
03b0   00 00 00 00 00 00 00 00 00 00 00 88 c0 3e 00 64
03c0   b9 72 80 00 00 00 00 00 00 00 00 00 00 21 f0 10
03d0   07 56 d2 ce 00 00 00 00 00 00 00 00 00 00 00 00
03e0   00 00 00 00 00 45 ab bf 80 0e e5 a4 00 00 00 00
03f0   00 00 00 00 00 00 00 73 6a 30 03 a9 6a 66 00 00
0400   00 00 00 00 00 00 00 00 00 00 00 00 00 00 00 8f
0410   d6 7e 40 09 ac e4 00 00 00 00 c7 ad 83 ce a6 3c
0420   38 fc f9 78 32 fd cb 9b 63 3e c6 df b0 00 00 00
0430   02 99 d7 00 3a f6 af a0 00 00 00 00 00 00 00 00
0440   00 00 00 00 00 00 00 00 39 55 5e 20 01 66 48 80
0450   00 00 1e 34 79 fa 3a 3a 7a 7a ba d8 40 00 03 ee
0460   7d bd dd dd fd ee 8e fe 40 00 00 02 af e0 80 09
0470   3d 8e 00 00 00 00 00 00 00 00 00 00 00 00 00 00
0480   00 00 0d 6a 9f 48 00 2e 0d e0 00 00 c1 c8 e4 f2
0490   79 9a 1e 40 00 00 00 03 ee f7 4f a7 d5 eb 6f 00
04a0   00 02 07 0d 00 09 fc bc 00 00 00 00 00 00 00 00
04b0   00 00 00 00 00 00 00 00 7c ab b8 60 01 ea ea f4
04c0   00 01 a9 c3 e2 71 b9 bf 00 00 00 00 00 00 6d f6
04d0   7b 5d de 97 d0 00 08 84 00 00 3d db 3d 20 00 00
04e0   00 00 00 00 00 00 00 00 00 00 00 00 00 02 0b 0b
04f0   00 06 7b 9c 00 1e 78 5c 0e 17 30 00 00 00 00 00
0500   00 03 67 b9 df ef ed 80 02 2d 5d 00 03 a3 6d 7b
0510   00 00 00 00 00 00 00 00 00 00 00 00 00 00 00 00
0520   e1 d5 df 00 01 96 e9 00 30 47 a3 9c 2c 20 00 00
0530   00 00 00 00 00 7d eb 48 e4 7d 10 02 29 5e 00 01
0540   33 9d 80 00 00 00 00 00 00 00 00 00 00 00 00 00
0550   00 00 c7 51 e8 80 00 ba fd 81 86 3b 19 e1 78 00
0560   00 00 00 00 00 00 00 07 4e 4b 27 df 01 10 80 00
0570   01 ea db e8 80 00 00 00 00 00 00 00 00 00 00 00
0580   00 00 00 01 05 85 80 00 5b dd 01 f3 87 15 8e e2
0590   00 00 00 00 00 00 00 00 00 3e f6 65 52 4c c1 00
05a0   88 00 00 90 59 c0 00 00
